Rph_DN34936_c0_g1_i1 376 574 388 566 184 482 344 176 286 498 344 392
Rph_DN31986_c1_g1_i1 1572 2280 1520 2391 532 1664 1904 628 1183 2891 1765 1476
Rph_DN30939_c0_g1_i1 778 1364 1032 1538 518 910 754 484 642 1456 876 1338
Rph_DN29239_c0_g1_i1 204 382 262 498 130 324 308 164 216 452 324 300
Rph_DN31447_c0_g1_i1 274 548 308 888 164 658 572 304 422 792 544 540
Rph_DN27878_c0_g1_i1 1684 2592 1258 3042 330 1608 1722 624 1374 3425 2314 2012
Rph_DN34907_c0_g1_i1 1690 2934 1522 3110 446 1912 2124 728 1520 3864 2766 2238
Rph_DN30032_c0_g1_i1 174 458 238 452 88 308 306 116 236 538 326 262
Rph_DN33185_c0_g1_i3 416 586 468 590 316 422 380 226 358 550 292 502
Rph_DN30663_c0_g1_i1 440 692 368 1031 114 424 534 273 442 985 666 590
Rph_DN30135_c0_g1_i1 312 580 376 806 156 492 472 192 388 742 420 502
Rph_DN34321_c0_g1_i1 26 48 24 198 14 42 34 40 52 44 54 34
Rph_DN33800_c0_g1_i1 20 50 24 62 24 22 56 12 26 48 42 30
Rph_DN13400_c0_g1_i1 0 10 0 16 2 2 10 4 2 2 0 4
Rph_DN32834_c0_g1_i1 382 618 386 676 192 586 482 276 368 828 512 720
Rph_DN33430_c0_g1_i2 160 446 312 268 64 164 288 104 198 716 310 476
Rph_DN22909_c0_g1_i1 390 752 554 764 186 422 478 174 360 894 602 864
Rph_DN32529_c0_g1_i1 234 450 384 442 218 404 516 268 338 674 292 436
Rph_DN29862_c0_g1_i2 242 452 506 370 104 212 204 98 132 428 302 398
Rph_DN32969_c0_g1_i1 138 232 168 374 156 286 242 130 140 294 206 196
Rph_DN34879_c0_g1_i1 226 336 182 244 42 126 132 56 104 414 272 334
Rph_DN35453_c0_g1_i2 570 760 430 668 72 368 322 148 204 594 642 680
Rph_DN28576_c0_g1_i1 92 160 98 146 40 108 84 26 88 194 96 134
Rph_DN30794_c0_g1_i1 528 782 664 444 134 302 228 134 264 680 576 756
Rph_DN25346_c0_g1_i1 26 46 44 128 70 68 62 44 90 78 64 68
Rph_DN32075_c0_g1_i2 100 168 124 148 54 52 122 46 68 188 86 102
Rph_DN31833_c0_g1_i1 142 190 128 270 66 114 154 96 90 234 108 160
Rph_DN25940_c0_g1_i1 38 36 38 30 20 48 30 8 10 62 42 102
Rph_DN32137_c0_g1_i1 122 228 86 190 34 132 92 48 88 244 170 162
Rph_DN36848_c0_g1_i4 230 516 302 536 80 346 382 156 222 744 446 422
Rph_DN27940_c0_g1_i1 64 170 132 124 48 76 62 44 48 166 140 112
Rph_DN32554_c0_g1_i1 62 204 98 118 14 72 66 48 74 196 134 200
Rph_DN30996_c0_g1_i1 134 248 138 190 54 90 94 64 78 226 194 186
Rph_DN26879_c0_g1_i1 110 128 102 292 64 122 104 48 68 116 52 108
Rph_DN29696_c0_g1_i1 178 328 188 158 54 158 128 46 106 302 196 284
Rph_DN32839_c0_g1_i1 260 514 358 288 90 250 194 72 114 486 348 448
Rph_DN35042_c0_g1_i1 130 284 228 264 76 160 152 98 170 296 224 276
Rph_DN29688_c0_g1_i1 122 142 98 146 64 220 132 54 108 288 152 152
Rph_DN32860_c0_g1_i1 186 284 212 200 64 102 132 90 100 428 240 354
Rph_DN37521_c0_g1_i4 354 488 368 740 81 338 297 128 235 704 393 447
Rph_DN36852_c0_g1_i1 266 392 224 242 40 161 152 67 109 605 356 405
Rph_DN36586_c0_g1_i1 140 308 156 150 96 116 132 66 104 266 134 192
Rph_DN33547_c0_g1_i1 190 342 244 584 116 466 414 262 382 466 346 344
Rph_DN35638_c1_g1_i2 110 170 190 280 48 180 174 72 126 226 132 136
Rph_DN34085_c0_g1_i1 78 214 92 174 50 162 138 62 100 214 116 152
Rph_DN30772_c0_g1_i1 118 188 142 264 108 254 148 66 88 282 136 198
Rph_DN32583_c0_g1_i1 118 210 126 122 22 76 106 44 66 298 188 194
Rph_DN37167_c0_g1_i3 194 326 140 302 42 178 204 88 148 418 242 244
Rph_DN34652_c0_g1_i1 106 244 144 328 100 340 232 154 220 286 146 174
Rph_DN36195_c0_g1_i2 432 757 304 428 86 236 330 134 204 1038 779 862
Rph_DN31514_c0_g1_i1 564 642 610 382 164 228 170 76 202 590 314 850
Rph_DN33642_c0_g1_i4 168 312 240 120 42 92 126 48 88 366 264 302
Rph_DN29166_c0_g1_i2 242 306 244 142 40 68 116 52 88 460 218 314
Rph_DN32844_c0_g1_i2 110 318 118 114 38 152 82 46 48 270 186 236
Rph_DN35739_c0_g1_i1 72 118 44 288 10 132 218 52 144 162 118 94
Rph_DN35741_c0_g1_i1 130 258 156 168 70 188 144 52 84 310 164 146
Rph_DN33295_c0_g1_i2 26 74 22 30 28 22 46 4 26 82 46 72
Rph_DN32653_c0_g1_i1 52 104 36 66 14 48 76 38 50 122 92 82
Rph_DN35199_c0_g1_i3 246 394 268 212 126 264 130 108 124 530 260 390
