Rph_DN34936_c0_g1_i1 134.941026508614 185.360094709096 748.490777824939 967.069647962471 262.641416360692 652.095345368505 781.935233136485 341.210869875026 642.735982628105 1218.53029293224 135.046952541481 608.511909923944 625.623946276025
Rph_DN31986_c1_g1_i1 425.660173310863 489.012291814805 2461.78507704943 5150.63246466366 822.554895322817 2543.17184693717 3146.04850543964 1108.03993705429 2337.66692950809 6786.70756817265 413.402184107827 2069.24558763029 2203.45625856919
Rph_DN30939_c0_g1_i1 251.833525643707 465.280956860815 1332.7808004929 2020.63118032759 613.117577089053 1360.71033063894 1544.09255117686 631.243699870287 1554.83521887989 3380.57945425811 157.698604035485 1831.41988554726 1346.74556556592
Rph_DN29239_c0_g1_i1 123.540272145377 132.658054446586 504.925395285872 870.130028078503 249.76018073134 497.009860972467 426.094039054677 234.026685480942 438.374375966965 1114.54873778366 134.631972620092 472.946106438545 432.234207510821
Rph_DN31447_c0_g1_i1 141.258037470582 146.473627893532 960.49069688855 1525.76288644463 381.588629783515 891.910876443958 541.559240287732 249.881381012041 461.949698297352 1832.19976575835 87.3472284470481 732.947634299736 501.754469292542
Rph_DN27878_c0_g1_i1 259.168457008885 265.611638564984 2228.37093695431 4428.51134755241 666.900609130344 2713.44338139408 3196.33521718194 918.671652041118 1727.29232750959 7592.0492132723 9931.2498712725 2415.33693334982 2321.85393515206
Rph_DN34907_c0_g1_i1 249.821158474893 357.152841292192 2641.2964615807 5437.95953830392 772.059121021084 2993.91338590453 3207.72358493912 1026.40310747844 2081.19432330866 8565.16150659391 11814.075462061 2670.81512278677 2656.05579218374
Rph_DN30032_c0_g1_i1 80.6569112414463 81.04693013003 457.211583084344 827.780217535231 151.93689149275 507.344510462529 348.22674296851 222.929097291089 366.029427120346 1262.97083074261 76.6190389089201 367.305111083426 357.128085044428
Rph_DN33185_c0_g1_i3 181.618287693567 348.830600826224 686.987278257254 64.5904032806023 383.568704215305 866.127134461755 900.350956802962 426.844299160048 837.779741905839 1405.21791494742 161.427631386666 865.484666327128 556.915788708651
Rph_DN30663_c0_g1_i1 138.814307595962 97.7517440988372 606.782370047001 1404.79916751707 324.107946894165 911.146920925857 855.516407124766 288.6121615426 533.902647654422 2246.01350218037 2929.09703687706 764.936726605618 685.859548326309
Rph_DN30135_c0_g1_i1 185.855686176341 155.168031685312 758.639212192035 1320.43678762068 282.150257708992 876.690900911227 646.031043680047 336.399762165368 616.721022587752 1808.60502633128 156.252101730279 768.956130763233 631.3760331339
Rph_DN34321_c0_g1_i1 21.2411489052425 11.5436905480302 58.9499200218014 88.2299678820859 44.6819643339848 104.614226529707 49.7443903633636 18.208300085167 33.7178474509328 98.563172062509 234.01882720468 42.1264330077473 47.2131773486742
Rph_DN33800_c0_g1_i1 11.719217723194 22.453865971218 32.8808915187425 152.207148384262 16.1341151549075 56.5400588469802 40.3638350887404 25.3099331662361 37.4291796059536 113.519192426168 11.2660029870745 42.8737740228241 35.155035562348
Rph_DN13400_c0_g1_i1 4.83505017221566 2.19751982857851 3.24380512289277 1.61320616380748 6.72958729846926 4.82319042432326 0.21643051846225 7.18286529208461 0.178055477849177 5.08944379377319 0.0542040760818017 6.83809560364029 4.03349777360802
Rph_DN32834_c0_g1_i1 104.341916404553 169.875690119328 852.549578976901 1285.69529941663 342.870738427293 773.434960557402 751.913466239511 276.917349345788 575.051476604444 1915.48157329282 69.4235746602768 969.146705818255 663.482471421977
Rph_DN33430_c0_g1_i2 61.3879212571353 63.5249429437821 252.879737397345 801.779125608082 152.366856493306 447.383500980471 329.869962621775 257.956574381459 510.489867303804 1738.56954023932 114.466122262688 727.754001167801 293.913268501617
Rph_DN22909_c0_g1_i1 159.679129420959 178.979262616812 639.44490605952 1317.93514523866 244.160594189222 796.67757126469 793.793463245165 407.234616099088 886.836124722071 2146.20884511002 193.354914606797 1275.24878011495 716.619184652342
Rph_DN32529_c0_g1_i1 102.481206979454 217.294840433491 622.947645783704 1443.52835256837 395.039122286748 766.015616547341 484.523282760035 261.979176882035 629.842746472598 1642.85685680227 109.596199255755 669.123195942574 553.73546427187
Rph_DN29862_c0_g1_i2 91.6671228798981 106.126443557269 330.3832833352 576.31988872732 149.246937266289 303.728248372063 505.46449730996 276.638068716688 846.631428394214 1055.3691587863 125.314456659589 627.441834541804 317.055765853631
Rph_DN32969_c0_g1_i1 101.466932098699 164.519676452061 453.78012969163 17.3308865482669 207.143371017758 328.157255038069 292.066281064678 152.358834081246 288.339736706689 733.478664396725 96.6269219841765 319.560580463077 247.741553862223
Rph_DN34879_c0_g1_i1 36.2751864467759 36.8155919333283 182.102723235664 350.469039087175 68.5085651120817 217.365115122835 443.026175209654 147.364984152179 269.330672583062 950.825690713945 1202.21944029233 444.408843836583 243.347893852949
Rph_DN35453_c0_g1_i2 71.1392707437275 59.3675513898697 516.513584952926 835.589695824461 164.941017705025 410.409657924234 1090.55009642759 287.419662729704 604.11143349588 1330.60282284387 2782.22383454453 841.242356856999 560.312509224403
Rph_DN28576_c0_g1_i1 35.4539411540395 40.468245237206 167.711626566584 236.144914037348 39.1019467911837 201.254584027689 191.324578320629 96.3103101821316 163.152234353201 476.521281849421 38.5913400317421 209.214104220047 165.431930459893
Rph_DN30794_c0_g1_i1 86.1558480073644 126.116626018619 452.910735823077 622.651487625006 182.197169235214 577.436844288748 1065.60524634275 403.080445919135 1042.86757422531 1614.18926295045 162.451164705048 1091.97438992463 515.173790055912
Rph_DN25346_c0_g1_i1 52.4083971201974 85.9030478444327 117.700122640931 19.4086665155462 86.2125787444141 234.316932724909 59.7889307251967 41.3733040824073 86.1788512790019 211.157774422505 49.3130161723909 132.137588427179 86.0409495617173
Rph_DN32075_c0_g1_i2 34.5258837743095 53.9391230651089 80.1813801503777 341.299339173142 67.9090589636496 154.109650666329 207.061231948733 98.1739418904581 203.88890964774 458.244939286092 32.5811571003594 156.835031425427 126.141796278393
Rph_DN31833_c0_g1_i1 71.5135299372721 68.8362171468633 180.224407369385 439.39401915407 150.725219101872 209.651992438076 299.208040986006 122.317340907532 218.001837227515 581.508714718226 48.8035194068763 258.267515229123 194.938199903731
Rph_DN25940_c0_g1_i1 15.4918954497522 26.9981007511074 87.9491932901472 13.4939950878484 17.8108707714683 27.7644910034845 4.81606649190773 38.6532598693771 80.8474265556712 177.672024332172 42.643430735075 219.819312662767 33.2088754364308
Rph_DN32137_c0_g1_i1 40.42307921446 32.9853592338992 200.71044197899 253.661157660997 67.9480796832227 195.895734157129 249.376052939282 125.218318550295 138.33276303239 585.766172490877 56.2910239234901 240.864075785473 167.11424859476
Rph_DN36848_c0_g1_i4 59.6247277391988 66.4276644139726 487.196582927079 991.289639145789 175.890160653676 447.819653552717 441.813785278562 198.407294670281 426.985352698703 1672.50273081593 1932.82216543125 526.080995155754 444.816719415639
Rph_DN27940_c0_g1_i1 24.6410357991347 45.5389651223499 114.369211549415 170.127641418568 60.4224910858287 105.294606114672 129.711578522461 88.9560922513817 208.29959313882 395.527935283872 40.9942890498689 162.935735819594 109.831908832044
Rph_DN32554_c0_g1_i1 21.3780762507082 12.9190130547291 106.880629811925 178.540831233089 63.300468213782 159.538424809134 124.080793471538 100.160055769119 151.41738687072 461.819899805345 32.6601492826935 281.848462271782 115.480711641731
Rph_DN30996_c0_g1_i1 33.4174111763654 49.4441961430165 133.149433253876 253.091598009176 83.3741302059002 167.203934709873 268.174618148163 119.773300534284 211.746528174003 530.541650088903 43.9445519006276 259.859422758337 150.176683981874
Rph_DN26879_c0_g1_i1 82.3395394112388 68.4114770163808 194.983468518409 11.7965700728422 78.031437207883 160.894352267991 234.885084991844 86.6267653633829 177.348834699489 291.687490156962 25.6365427097658 178.96512788423 123.760558815687
Rph_DN29696_c0_g1_i1 37.5276140713335 54.2834153399926 244.488916153014 359.839869009292 68.5388183976247 241.685687444271 370.171466750783 194.604833733694 310.655998971002 738.948089288223 76.6068377334901 440.017723604035 243.087301798642
Rph_DN32839_c0_g1_i1 54.5735468264861 84.2019973920677 373.646494531164 527.289049759765 96.9398930117485 247.906411867529 524.729856153625 260.61125365634 558.318595788807 1149.38182331495 93.8000220962664 641.379539586671 317.128874093752
Rph_DN35042_c0_g1_i1 52.2155183788418 71.9588657294045 240.777287472453 415.100991750004 134.195044445399 372.918396656131 263.476643873748 148.234041539996 359.790206330689 705.27872797606 65.2040225306958 400.800635864981 252.126965673101
Rph_DN29688_c0_g1_i1 26.5522328815351 59.173919454482 326.579702203103 357.081662466178 71.3105788319301 233.508943301719 244.158980702058 69.940585472641 151.41738687072 678.592505836426 37.4376297923679 214.578010475207 182.997698672964
Rph_DN32860_c0_g1_i1 41.5491448843929 61.4590911407323 154.557773502538 363.948617513605 125.923373360689 221.299325351303 378.578420932309 153.127954292837 338.553063014522 1023.62873295814 76.4767409165621 521.547768140194 187.92854942692
Rph_DN37521_c0_g1_i4 54.0027041922722 64.4272858833245 465.455433199991 760.392647305209 134.123600766013 461.666216594493 669.25791230734 167.321870653714 500.125133210979 1555.10782587514 1678.57254395878 528.003651715779 482.790283205485
Rph_DN36852_c0_g1_i1 23.8885430745334 32.6401908908034 224.535364159473 392.663100304058 73.5636634326689 217.542519828098 506.895795152265 144.462605703418 311.414941801518 1350.4883751021 1535.30151109291 494.988391037265 267.975152980495
Rph_DN36586_c0_g1_i1 22.5476102090453 84.3063369179562 168.205259021526 350.469039087175 81.2578328395627 217.970588981116 275.570380297203 135.852640270591 231.369015582014 613.130457039705 12.0504346730861 256.310298474504 193.087924001321
Rph_DN33547_c0_g1_i1 111.554121839484 108.742350247516 698.862261236933 1130.6040170033 353.741604611343 833.111779032672 383.456433343034 174.25701965743 381.423255554097 1106.19440666899 94.639182024425 493.359520684589 382.439844448565
Rph_DN35638_c1_g1_i2 57.9783975915441 46.0943183555492 272.749012063302 479.750450358842 100.59270057451 278.837149942641 223.890463992226 91.4228123138117 303.420197984713 540.514237496589 41.8819409005201 200.368634087758 212.129549039992
Rph_DN34085_c0_g1_i1 43.505896114818 51.1327665740671 253.364350134518 389.863454139069 94.7208075932721 230.097157857624 163.63286303738 131.885110332202 154.320727502128 527.684579393151 48.7949609894719 240.093134527815 158.976795269754
Rph_DN30772_c0_g1_i1 50.0257512576123 101.042396870481 379.624838443663 402.261749301264 88.8615685941028 191.366353020549 238.146627023568 95.2430347039908 221.455979335225 666.925255503736 36.6463614647799 283.466850085181 206.411166177887
Rph_DN32583_c0_g1_i1 17.5398770830717 19.1422997959049 109.478422897631 280.140312768466 53.3541996757884 137.18112875368 231.314551658138 90.6930465271977 185.224863977144 681.948853662056 830.945789613817 255.611349320466 161.202996365412
Rph_DN37167_c0_g1_i3 32.3889614107705 34.6310716440907 249.835375330491 529.379807292516 98.3003215347665 297.748183199935 371.169681942021 123.589161247998 196.687443463775 936.350134593836 1048.75104043579 302.319107467363 273.791779265213
Rph_DN34652_c0_g1_i1 56.3061383239299 91.0340584093217 501.315337174338 624.651603597116 199.005443160699 470.261066371518 211.254221895695 116.124457777309 219.436059840854 668.925057453646 30.9047180889174 241.429269266197 215.345140868274
Rph_DN36195_c0_g1_i2 40.9808314041629 69.9348392950373 329.13258348842 852.492257239074 146.128725099284 406.066698581121 823.229261299919 276.6748338373 421.754075198752 2317.03625348095 3359.55021668926 1050.36233327074 413.910386889936
Rph_DN31514_c0_g1_i1 84.9874850610968 161.090538785194 349.106019869369 473.272400532548 109.842604075614 453.696646720223 1157.80109627505 363.195003020586 990.77016381735 1427.17292696111 111.139087407151 1282.62044632527 408.445824870404
Rph_DN33642_c0_g1_i4 27.3714979701151 41.688243806857 141.859364881438 350.778367453536 70.2164526013272 198.837111546876 346.363460752863 179.950802142813 392.684513310618 888.710128111159 96.9569528908279 460.85673703856 189.393956844844
Rph_DN29166_c0_g1_i2 43.4998420255755 44.1557722564841 110.69937185188 19.4405013977477 88.0996411006986 212.902759309035 523.761854678646 222.109316652924 435.620125646234 1175.27316522875 119.84668807042 540.209552687583 166.374723689727
Rph_DN32844_c0_g1_i2 26.5779262844951 37.957160675447 234.376341978027 229.397916493423 67.9090589636496 108.783282823291 227.767355143606 185.654431301113 194.02331724543 658.11773195343 70.4361867427177 362.873209964714 189.838874273271
Rph_DN35739_c0_g1_i1 33.821415313568 8.37707026851737 186.466475128868 568.281202222345 59.4646450608511 292.04353016711 138.864613297231 46.3485748264943 62.6085671685056 365.465378808181 513.88121188101 118.275693989052 128.570153643141
Rph_DN35741_c0_g1_i1 23.9626612819166 60.7953555516665 270.815046115193 380.567972062822 62.8967324796707 174.594163868321 253.797910017161 111.19075472147 228.820898670317 709.409881326299 724.86760370567 192.05501954315 210.437959106734
Rph_DN33295_c0_g1_i2 5.93977212079702 26.5111610582017 33.1068770274623 126.223733955711 5.48514014512502 57.0345783121142 52.6953287747496 38.6568750264917 34.71659885647 195.381269236611 13.4032866910835 104.556687616952 36.6867369414808
Rph_DN32653_c0_g1_i1 13.0470806990882 13.2555805291008 72.233186241736 207.550495875002 52.0348131522975 109.68188136945 105.390657549499 54.2828884512662 56.8089799469508 290.689205449592 26.7714517662061 119.078449785973 64.5210830943434
Rph_DN35199_c0_g1_i3 36.1153074353739 114.4823310696 389.256614747133 350.020295119073 139.003264478796 265.056237409401 490.269231946613 186.653608493914 408.394889148255 1235.07564592481 53.6800487601649 540.209552687583 307.538266264237
