0.0171586
0.045865
0.0166248
0.091228
0.0472176
0.0387565
0.276113
0.240282
0.0222677
0.0273703
0.166209
0.0423245
0.0768634
0.0621272
0.0793933
0.0474288
0.0483803
0.0194415
0.122529
0.248544
0.040592
0.137125
0.006766
0.0332325
0.0533682
0.216936
0.281183
0.096233
0.001
0.309764
0.212276
0.234916
0.0525826
0.138079
0.0602524
0.210225
0.256341
0.131501
0.317872
0.0493986
0.157417
0.0520665
0.114833
0.0532503
0.0906651
0.254555
0.275697
0.116519
0.029303
0.164625
0.10576
0.0791905
0.0772858
0.0325214
0.427048
0.103052
0.0936486
0.0650995
0.0429259
0.128059
0.0638188
0.276427
0.0462365
0.114529
0.0541857
0.0381366
0.124042
0.0954157
0.0402667
0.0710059
0.17207
0.240085
0.0376768
0.411829
0.0454028
0.299543
0.252878
0.155935
0.0300873
0.231191
0.326325
0.0975379
0.393383
0.259042
0.0807031
0.0743501
0.150364
0.141944
0.0820902
0.169145
0.265327
0.109023
0.0404749
0.152453
0.0241103
0.0536149
0.113268
0.233811
0.0431033
0.0348553
0.0932839
0.372792
0.111748
0.137709
0.0355412
0.0497702
0.163156
0.132458
0.160742
0.0692051
0.404888
0.182275
0.103598
0.11808
0.106094
0.104169
0.0702821
0.0764965
0.233486
0.0288489
0.398713
0.101525
0.0238556
0.267409
0.0265581
0.359926
0.0061355
0.13709
0.131315
0.0659574
0.153702
0.0960572
0.337161
0.0916725
0.073545
0.324107
0.170591
0.228032
0.207121
0.45555
0.059178
0.0733601
0.0292615
0.161916
0.0730993
0.0462013
0.0919425
0.0652219
0.00430401
0.0815756
0.39279
0.106188
0.0987718
0.063054
0.27279
0.0324023
0.104519
0.184058
0.0452015
0.206508
0.0372333
0.0761207
0.370816
0.0676776
0.233429
0.0255678
0.148959
0.228136
0.132497
0.0864963
0.101915
0.0717103
0.252282
0.0059509
0.0712833
0.0563373
0.0311572
0.0651462
0.0904183
0.429423
0.0641555
0.0290625
0.295826
0.193021
0.276026
0.222597
0.119824
0.201321
0.0552205
0.449512
0.184682
0.0494581
0.185476
0.0957012
0.0497877
0.299639
0.0622646
0.200653
0.114555
0.237454
0.073339
0.0683616
0.169976
0.141731
0.0241325
0.150017
0.142161
0.189017
0.149835
0.176489
0.0341754
0.123876
0.292719
0.123955
0.0540034
0.0914408
0.145914
0.0827588
0.240074
0.0415321
0.220315
0.0795479
0.279304
0.145032
0.100738
0.067505
0.0894928
0.283113
0.10792
0.0238365
0.1121
0.0450454
0.0809295
0.0396112
0.210723
0.0545609
0.130357
0.082118
0.150843
0.184107
0.284395
0.0567362
0.0882149
0.0783227
0.0571123
0.0739247
0.0778991
0.102432
0.0415456
0.132595
0.150795
0.0944228
0.0721631
0.148005
0.0886269
0.151686
0.254334
0.162544
0.0753063
0.283904
0.113747
0.0481737
0.113668
0.0309991
0.0630925
0.072465
0.0303129
0.0407881
0.0467898
0.0228458
0.0284638
0.387783
0.0926025
0.0787307
0.00740339
0.0611424
0.171543
0.0227873
0.305387
0.223161
0.057328
0.0580705
0.264763
0.111803
0.178524
0.11632
0.301466
0.0222693
0.26592
0.117155
0.011617
0.210703
0.0953398
0.160902
0.0797472
0.428066
0.216607
0.10314
0.100951
0.0843098
0.0807409
0.0572304
0.0931834
0.32987
0.134579
0.0298554
0.178414
0.177232
0.212639
0.0599179
0.270299
0.256991
0.0660106
0.183018
0.171233
0.0579303
0.373046
0.130594
0.0858454
0.198604
0.0434493
0.0679622
0.107776
0.0463097
0.131677
0.126145
0.0578208
0.304693
0.418074
0.508904
0.0497041
0.224433
0.166162
0.214419
0.204523
0.324556
0.18759
0.25643
0.245768
0.105298
0.0350485
0.213832
0.36983
0.311505
0.0472977
0.147214
0.0285396
0.0987148
0.0744144
0.292993
0.0617446
0.0632262
0.13578
0.289358
0.0186978
0.0657668
0.120679
0.15923
0.104474
0.150706
0.134249
0.15713
0.0743254
0.0571787
0.0953138
0.273869
0.0504189
0.112318
0.0269508
0.236234
0.1372
0.0622039
0.22127
0.0191109
0.0766689
0.0839379
0.0372124
0.126947
0.0927857
0.0315914
0.070326
0.231358
0.184011
0.0329493
0.113016
0.123801
0.117553
0.140873
0.232228
0.103273
0.171549
0.0440237
0.0570229
0.319992
0.0714882
0.0957311
0.396322
0.423723
0.226
0.255356
0.136371
0.129848
0.0994416
0.0578857
0.292631
0.0795382
0.0399026
0.111797
0.22807
0.0547386
0.205035
0.0874545
0.0508292
0.0217627
0.0299041
0.409036
0.0568516
0.0814533
0.0339332
0.0438977
0.0474183
0.0662229
0.26149
0.0633617
0.0648788
0.0675553
0.0492525
0.163006
0.0434243
0.091465
0.0527796
0.196506
0.151277
0.135939
0.372362
0.12612
0.336185
0.595039
0.0336863
0.0930048
0.172169
0.118424
0.0195234
0.0582671
0.0503201
0.0715078
0.215645
0.0294593
0.302427
0.0954183
0.0933653
0.116916
0.212253
0.069271
0.0293311
0.227474
0.0680763
0.255082
0.049011
0.120478
0.172253
0.0406174
0.194666
0.205098
0.305074
0.0686278
0.130993
0.00532239
0.0651436
0.174181
0.00645474
0.0468167
0.0104492
0.0300039
0.100787
0.215089
0.18487
0.0955355
0.0390578
0.0333797
0.0387769
0.184106
0.142131
0.0421713
0.254989
0.0515821
0.00459131
0.117924
0.0633819
0.0223568
0.0549434
0.0323884
0.185946
0.293217
0.0358023
0.0993432
0.0414369
0.0799115
0.263109
0.120559
0.0429756
0.0597415
0.0630584
0.12691
0.240982
0.115786
0.177983
0.279003
0.0758922
0.0597343
0.0303495
0.061322
0.138349
0.11859
0.101729
0.198674
0.0323972
0.115872
0.0801061
0.222009
0.0513817
0.0471228
0.0370839
0.471024
0.303082
0.084063
0.0697671
0.38244
0.0773761
0.0770893
0.148946
0.0955122
0.206908
0.0627269
0.089216
0.025886
0.127466
0.120392
0.0464801
0.0824445
0.0523219
0.171339
0.113445
0.0193482
0.25684
0.292642
0.0995283
0.0769662
0.206677
0.0738662
0.287211
0.0442609
0.0866837
0.0255639
0.289514
0.0918353
0.0970683
0.303187
0.0393123
0.0885409
0.0496703
0.0444331
0.212788
0.118159
0.243771
0.0531784
0.0191535
0.234474
0.0433228
0.0899901
0.146272
0.263434
0.0729267
0.157695
0.0303055
0.0233053
0.144861
0.270461
0.073182
0.142622
0.081972
0.0105179
0.0820862
0.0033702
0.174163
0.141823
0.173125
0.180439
0.0942126
0.124456
0.0288023
0.272549
0.0779214
0.0579953
0.422205
0.0827459
0.149521
0.0257684
0.200948
0.0306955
0.00993726
0.0922938
0.118242
0.0190833
0.0469942
0.0291797
0.0866767
0.101614
0.309586
0.313375
0.0402944
0.0970406
0.0810712
0.0523865
0.00833471
0.0111288
0.0889057
0.0727454
0.140203
0.0976358
0.245299
0.0470255
0.117779
0.0394411
0.021039
0.0347568
0.345684
0.0487293
0.112169
0.0693366
0.0485416
0.03826
0.0669496
0.00843907
0.365187
0.194135
0.0373692
0.0769753
0.0240782
0.0250222
0.127466
0.0717694
0.0986692
0.140342
0.341587
0.141952
0.050108
0.0621549
0.148523
0.162857
0.234635
0.0975071
0.00571709
0.177715
0.304594
0.0379535
0.0246644
0.0941944
0.040197
0.115929
0.053329
0.105937
0.0731972
0.0578917
0.100309
0.0462995
0.0965036
0.291872
0.0895816
0.0207954
0.0366963
0.22142
0.0555888
0.18258
0.361112
0.165285
0.206719
0.0342531
0.16127
0.0230278
0.0481748
0.168041
0.0403827
0.0334353
0.0662884
0.193515
0.0913202
0.113673
0.387698
0.172672
0.119432
0.0891523
0.24858
0.0215596
0.248901
0.0128617
0.0593601
0.168627
0.336201
0.0657813
0.180411
0.0807653
0.0314901
0.125963
0.0952387
0.092971
0.106338
0.0472283
0.174312
0.109259
0.0291611
0.0857315
0.0462739
0.365829
0.0265621
0.145335
0.122455
0.276947
0.161855
0.128156
0.152429
0.0867698
0.0386745
0.326128
0.141503
0.027569
0.106614
0.0175958
0.0280082
0.274181
0.0989488
0.026184
0.0413033
0.0565952
0.178607
0.0873696
0.0890154
0.165059
0.0494634
0.397679
0.097633
0.032093
0.068496
0.10013
0.0818772
0.0393046
0.119575
0.148438
0.136088
0.0996724
0.0547116
0.0971671
0.191364
0.0393771
0.129173
0.0223492
0.226476
0.262981
0.203926
0.331192
0.131318
0.290062
0.0687755
0.00756004
0.306688
0.145956
0.0648923
0.0131795
0.171119
0.127379
0.0935151
0.572212
0.246092
0.0650974
0.372371
0.0358454
0.392247
0.0734541
0.0280399
0.0589783
0.0520503
0.375637
0.254647
0.0288055
0.040537
0.117267
0.21224
0.0919744
0.111245
0.0554225
0.245556
0.0535684
0.217234
0.11169
0.0593705
0.267111
0.0354545
0.0823803
0.180099
0.0698769
0.257515
0.0815382
0.0497227
0.00694999
0.0347622
0.182587
0.100887
0.0973482
0.260099
0.0684055
0.0585298
0.0368936
0.0489564
0.0360169
0.00504385
0.0344307
0.272218
0.08325
0.172729
0.0075502
0.0694702
0.177125
0.117742
0.001
0.0583985
0.00610303
0.350323
0.37908
0.0931901
0.0534241
0.0715826
0.343196
0.0198444
0.0543741
0.0384959
0.173787
0.0596352
0.0803964
0.289066
0.17918
0.114057
0.0822117
0.0659505
0.0389582
0.116014
0.198862
0.0718407
0.0504192
0.0531327
0.115257
0.342888
0.134837
0.0292401
0.0813574
0.103045
0.0437684
0.0697479
0.177788
0.0192793
0.018071
0.069298
0.145483
0.0383775
0.130723
0.073921
0.0241978
0.136733
0.110433
0.238711
0.0744004
0.0558089
0.0335397
0.123144
0.330184
0.149741
0.0395796
0.404621
0.155019
0.0100347
0.0590022
0.0918853
0.0479595
0.173681
0.142223
0.0394247
0.066937
0.290931
0.0286043
0.269716
0.322469
0.184301
0.109841
0.0584921
0.0943597
0.0222552
0.0245868
0.228768
0.145006
0.148116
0.141039
0.302292
0.0769037
0.176241
0.0588991
0.0512097
0.117265
0.0481013
0.0375715
0.106704
0.118658
0.0436432
0.3239
0.159905
0.0432138
0.0374197
0.0444253
0.318842
0.072276
0.0397824
0.0427142
0.31989
0.0862894
0.155334
0.132397
0.181036
0.125895
0.0619013
0.442463
0.0255883
0.0510569
0.166098
0.230531
0.0700454
0.123859
0.213009
0.0592644
0.160975
0.0501798
0.124091
0.208927
0.0756929
0.278138
0.0733449
0.1521
0.0361056
0.181145
0.0545321
0.0602974
0.174474
0.277811
0.0903719
0.0546551
0.0544311
0.255018
0.112163
0.0424936
0.0305341
0.104731
0.180952
0.120982
0.154117
0.0909146
0.0847844
0.0453054
0.196934
0.0324161
0.207058
0.137739
0.0491487
0.184399
0.191366
0.192539
0.0144664
0.0831823
0.0401982
0.0758285
0.126948
0.106398
0.0924249
0.140123
0.318871
0.073649
0.273545
0.238143
0.0407125
0.0449171
0.095726
0.0960493
0.205326
0.0570166
0.0584247
0.0457778
0.0446717
0.0309144
0.171156
0.0535351
0.232085
0.0794168
0.0799215
0.0395662
0.231097
0.241179
0.0381922
0.0263378
0.0495855
0.143174
0.0840156
0.0518483
0.158824
0.127633
0.0337289
0.176024
0.0666385
0.062522
0.0570554
0.366413
0.0326672
0.372635
0.0510293
0.075054
0.340358
0.149113
0.0621952
0.252668
0.0957813
0.132594
0.0706752
0.327219
0.0887363
0.184902
0.0875176
0.015913
0.195755
0.0857156
0.0957417
0.0514815
0.0263168
0.104938
0.0188448
0.350002
0.0543919
0.0261096
0.0781244
0.159794
0.0177705
0.151959
0.201435
0.00443829
0.0656775
0.162033
0.248875
0.0790199
0.357283
0.0370975
0.217012
0.0139052
0.0823461
0.049979
0.157503
0.124294
0.0777805
0.350244
0.232841
0.0247724
0.0347156
0.140825
0.022654
0.0816176
0.142434
0.0262553
0.0821336
0.18479
0.0872596
0.0663422
0.102506
0.122233
0.0507831
0.101867
0.00958558
0.0653277
0.0361776
0.0261322
0.150356
0.0524147
0.301242
0.410156
0.0742771
0.104268
0.0455018
0.100302
0.0978382
0.0589729
0.412962
0.029445
0.0824102
0.116127
0.0555595
0.165743
0.330336
0.110786
0.0945607
0.0221976
0.047622
0.0708191
0.123523
0.0208465
0.159817
0.0423961
0.0637049
0.181887
0.221895
0.0741854
0.241874
0.0577711
0.0596909
0.0155017
0.110714
0.0783111
0.0587038
0.0294331
0.0480894
0.145881
0.102676
0.0711149
0.122316
0.115035
0.145964
0.106008
0.0382026
0.0590798
0.0704247
0.038101
0.237688
0.223894
0.0316303
0.119742
0.260944
0.202731
0.0304863
0.261905
0.259737
0.0966231
0.0417408
0.209743
0.0308228
0.0464637
0.164626
0.0628368
0.0991671
0.108808
0.20904
0.0879038
0.064063
0.314169
0.0586582
0.0322008
0.121841
0.230686
0.0362
0.366464
0.0671089
0.053933
0.0977862
0.0124544
0.0568738
0.0413185
0.152414
0.0609565
0.025358
0.102078
0.0951655
0.131665
0.323373
0.154552
0.247167
0.0423781
0.00981331
0.0842338
0.153433
0.0770387
0.102559
0.0593305
0.374917
0.13112
0.0989111
0.175449
0.0838927
0.0290307
0.154123
0.0788289
0.0673257
0.0993091
0.104721
0.175704
0.283271
0.157401
0.298095
0.118283
0.0572995
0.176881
0.0831147
0.198344
0.167575
0.153171
0.18131
0.0218236
0.210464
0.0474204
0.301516
0.00477555
0.160587
0.0964424
0.0631139
0.0468758
0.0414002
0.108639
0.0520453
0.257121
0.0814844
0.202269
0.219766
0.0793069
0.0605766
0.132433
0.225461
0.0520638
0.21115
0.0620554
0.0810435
0.0716534
0.116204
0.131236
0.142215
0.314367
0.0274694
0.123751
0.097161
0.174702
0.160885
0.0746808
0.0383346
0.223982
0.0249587
0.143248
0.069929
0.228214
0.0589961
0.097586
0.159253
0.195884
0.220988
0.117154
0.0550199
0.235386
0.0874125
0.0698392
0.190179
0.0782913
0.161749
0.0974661
0.270918
0.0357558
0.0717385
0.0210271
0.226106
0.0346199
0.244292
0.143496
0.0423932
0.0878173
0.0276117
0.267922
0.106543
0.211751
0.101947
0.169719
0.284523
0.170938
0.0540253
0.0101813
0.0496647
0.0264063
0.0773454
0.0502464
0.15933
0.0535074
0.0423748
0.397413
0.0522821
0.120574
0.218538
0.139443
0.076139
0.00566649
0.195554
0.0377932
0.0804834
0.145447
0.0616303
0.180374
0.233116
0.179595
0.0906039
0.0453705
0.251545
0.103806
0.0478271
0.24184
0.119519
0.424702
0.0462838
0.0324008
0.232448
0.0840683
0.0596526
0.160174
0.00372096
0.0536294
0.132319
0.0650839
0.11919
0.0532481
0.306474
0.0572557
0.0646415
0.12809
0.178042
0.123351
0.0648381
0.06422
0.0191191
0.0127785
0.325933
0.0997672
0.113741
0.0163923
0.0654896
0.290669
0.228632
0.0774911
0.134153
0.0560715
0.155748
0.0657062
0.0218819
0.046825
0.0315184
0.0600602
0.0484587
0.0566673
0.0939926
0.261866
0.129128
0.136875
0.0765565
0.168736
0.198852
0.0395537
0.0863014
0.0141911
0.0291403
0.0475253
0.40452
0.0500616
0.2616
0.16257
0.053145
0.0597089
0.230747
0.111667
0.108614
0.0280031
0.0420781
0.0775963
0.221627
0.0612889
0.0364346
0.136625
0.123464
0.129824
0.318458
0.0325608
0.0856422
0.321331
0.0561739
0.0850647
0.0993796
0.0541521
0.139296
0.122098
0.0709359
0.16435
0.0987813
0.206674
0.0351196
0.219477
0.0631534
0.062358
0.178246
0.0263588
0.134318
0.126594
0.17824
0.137792
0.0780604
0.172646
0.0401513
0.297757
0.203769
0.269088
0.213755
0.0651969
0.278853
0.0793577
0.261019
0.323488
0.308592
0.175196
0.374659
0.119987
0.14427
0.13019
0.0763297
0.0396254
0.148841
0.0560527
0.180517
0.277141
0.0462608
0.213427
0.0800583
0.224263
0.135519
0.139315
0.0242956
0.043184
0.0322439
0.0243832
0.0480549
0.033987
0.157991
0.0242683
0.131581
0.128725
0.119614
0.213567
0.0453943
0.072315
0.0839978
0.149017
0.0928944
0.0327929
0.0485903
0.280878
0.114598
0.119133
0.167857
0.145544
0.153235
0.145304
0.0789236
0.266846
0.0712098
0.126371
0.0863573
0.0586166
0.0475653
0.0480909
0.0351074
0.15609
0.165823
0.218165
0.281623
0.156774
0.0954769
0.333807
0.209028
0.0527425
0.0895466
0.0246633
0.0855605
0.0286752
0.16611
0.0687826
0.0905089
0.426054
0.295047
0.448625
0.0997267
0.166626
0.173771
0.326111
0.296375
0.131927
0.111595
0.0709598
0.101618
0.347134
0.0767446
0.207066
0.02724
0.0999675
0.0323693
0.0679738
0.0887719
0.0274073
0.564816
0.026695
0.0913001
0.199586
0.0322189
0.0897116
0.384539
0.233099
0.037408
0.00613435
0.136695
0.238307
0.0705728
0.0368506
0.267821
0.253577
0.0121806
0.118307
0.185986
0.351835
0.0319374
0.0660784
0.214065
0.0904851
0.219921
0.101001
0.0616157
0.376336
0.023765
0.203243
0.0300503
0.00472614
0.231705
0.152375
0.336971
0.123389
0.0351503
0.0406924
0.0838609
0.0307698
0.0394126
0.0173399
0.0521051
0.086823
0.0656091
0.00581982
0.204283
0.104031
0.0308025
0.24282
0.0615415
0.308372
0.162631
0.363614
0.200355
0.0995437
0.075492
0.0910611
0.366786
0.237504
0.00959798
0.169965
0.082182
0.0291886
0.125041
0.194554
0.166299
0.0118781
0.0394449
0.0459065
0.0808119
0.195286
0.279787
0.120205
0.131335
0.167548
0.163552
0.0560688
0.0890048
0.0326055
0.0762396
0.0410155
0.0234843
0.203398
0.100871
0.0445304
0.0270306
0.195492
0.0961387
0.105562
0.216946
0.0356326
0.163682
0.137552
0.122231
0.0855951
0.0658628
0.0707351
0.100746
0.0581437
0.0361013
0.0420091
0.0317004
0.170246
0.226841
0.240969
0.0693071
0.0281154
0.0198999
0.0464118
0.0214346
0.00652368
0.0343885
0.0228315
0.178682
0.118207
0.239486
0.087784
0.02053
0.04873
0.0608338
0.0276403
0.0446157
0.167433
0.427013
0.154854
0.0773697
0.0113685
0.0339182
0.18958
0.113465
0.0973708
0.084928
0.0552476
0.139585
0.117146
0.0737698
0.061987
0.0468286
0.123
0.29458
0.0959183
0.200637
0.0491195
0.114576
0.115
0.0403546
0.0637969
0.081532
0.0462682
0.1398
0.159739
0.0288311
0.0598097
0.321916
0.0827582
0.0868108
0.315224
0.301666
0.0446286
0.0290562
0.114905
0.0694373
0.111507
0.167445
0.45274
0.0603947
0.0129104
0.126429
0.00989366
0.286329
0.0170286
0.21459
0.134563
0.0795252
0.07354
0.112681
0.131041
0.224136
0.0394397
0.0266614
0.0246405
0.0479591
0.0779227
0.0402737
0.183036
0.0729104
0.00998886
0.318034
0.0151609
0.0379528
0.0248454
0.0841926
0.217718
0.0768713
0.130685
0.10636
0.0181684
0.113769
0.179125
0.267371
0.0766213
0.0323304
0.0188395
0.0132187
0.0895471
0.245491
0.322139
0.291988
0.046702
0.0707642
0.0230319
0.022695
0.0166651
0.0669445
0.031593
0.0368431
0.115505
0.141333
0.0726042
0.0628523
0.047549
0.102192
0.0818894
0.0944046
0.143235
0.0310222
0.639731
0.137415
0.0581962
0.121114
0.114407
0.0648713
0.0382109
0.057092
0.16443
0.0453837
0.0449679
0.0861727
0.0932635
0.0251363
0.076253
0.257623
0.0980108
0.06996
0.108067
0.170334
0.0270836
0.374625
0.097706
0.24597
0.131245
0.174622
0.219769
0.0632837
0.121243
0.155918
0.210776
0.175934
0.179193
0.195967
0.130854
0.065983
0.263845
0.127342
0.188104
0.105018
0.019482
0.00346273
0.13148
0.0429743
0.13037
0.160939
0.0558256
0.029156
0.111439
0.117059
0.0457409
0.12997
0.144432
0.0266627
0.0430776
0.0687757
0.230432
0.35904
0.0570423
0.0495944
0.184609
0.236084
0.0233806
0.172551
0.0372403
0.0185652
0.178317
0.176206
0.260856
0.151069
0.424359
0.29641
0.149597
0.0454776
0.158875
0.0478871
0.0385238
0.0119768
0.0386075
0.0397999
0.109174
0.0466142
0.174713
0.055391
0.0987299
0.174069
0.0649048
0.0160569
0.0709667
0.0776793
0.277778
0.0970274
0.0428806
0.0449454
0.0535321
0.0309478
0.124364
0.0265146
0.128197
0.0520084
0.208833
0.0825272
0.0288312
0.034324
0.122003
0.252709
0.0312831
0.0558933
0.345415
0.0739213
0.300084
0.0793491
0.0963894
0.139719
0.0651206
0.165351
0.187269
0.0839972
0.123384
0.0733605
0.280246
0.189604
0.32599
0.0441222
0.0265737
0.0307677
0.13964
0.136545
0.169639
0.261845
0.188827
0.364713
0.0210377
0.151149
0.0940761
0.0309286
0.254337
0.0725963
0.193459
0.42239
0.0646108
0.0531382
0.132484
0.132134
0.053293
0.0501307
0.0570179
0.144935
0.0916738
0.0856335
0.028173
0.113227
0.147539
0.142622
0.14808
0.15528
0.201243
0.0495219
0.307129
0.128429
0.163224
0.109035
0.0925017
0.296918
0.170856
0.243736
0.118466
0.143817
0.00573028
0.192507
0.0867702
0.395287
0.345702
0.0883019
0.15995
0.0682554
0.378443
0.064579
0.058686
0.0156947
0.0556229
0.0691221
0.0750491
0.0915402
0.099342
0.0218992
0.0121242
0.204016
0.210945
0.0863602
0.140851
0.050825
0.0414359
0.150684
0.0177945
0.0616937
0.0897671
0.310799
0.0179072
0.136129
0.057608
0.0809346
0.207716
0.0535029
0.0635454
0.0334276
0.0892385
0.269502
0.0334895
0.0653182
0.0393315
0.0463903
0.0673982
0.0991327
0.0576012
0.0682814
0.15529
0.0388504
0.0756833
0.0717078
0.0550216
0.122511
0.309262
0.242659
0.160439
0.0650082
0.0847222
0.0983362
0.0439326
0.123305
0.152726
0.0865325
0.0849585
0.20872
0.0616108
0.0562319
0.22676
0.0716189
0.00447529
0.0225816
0.0798157
0.455379
0.127203
0.172361
0.2651
0.422911
0.335864
0.166768
0.110728
0.0397258
0.16799
0.0867666
0.0888476
0.0912053
0.0525672
0.233444
0.0190932
0.113682
0.0546529
0.130523
0.0138993
0.0926853
0.064814
0.0676307
0.0507682
0.16336
0.0917206
0.0766381
0.0736356
0.295657
0.135837
0.120338
0.108993
0.122383
0.547843
